              precision    recall  f1-score   support

           0       0.82      0.95      0.88       980
           1       0.77      0.98      0.86      1135
           2       0.94      0.69      0.80      1032
           3       0.72      0.93      0.81      1010
           4       0.78      0.87      0.82       982
           5       0.91      0.59      0.72       892
           6       0.81      0.92      0.86       958
           7       0.91      0.82      0.86      1028
           8       0.92      0.57      0.71       974
           9       0.76      0.80      0.78      1009

    accuracy                           0.82     10000
   macro avg       0.83      0.81      0.81     10000
weighted avg       0.83      0.82      0.81     10000
